output>0,793.177,0,25.9164,,0.335336,0.0404855,634.032,,0.742771,0.0521458,795.49,,0.375195,0.0133411,608.43,,1.24869,0.139819,3.54795,,1,0,79.7368,,1,0,769.199,,0.625733,84.6554,72.7025,,1,0,3433
output>0.01,793.177,0,25.9164,,0.335336,0.0404855,634.032,,0.742771,0.0521458,795.49,,0.375195,0.0133411,608.43,,1.24869,0.139819,3.54795,,1,0,79.7368,,1,0,769.199,,0.625733,84.6554,72.7025,,1,0,3433
output>0.02,793.177,0,25.9164,,0.335336,0.0404855,634.032,,0.742771,0.0521458,795.49,,0.375195,0.0133411,608.43,,1.24869,0.139819,3.54795,,1,0,79.7368,,1,0,769.199,,0.625733,84.6554,72.7025,,1,0,3433
output>0.03,793.177,0,25.9164,,0.335336,0.0404855,634.032,,0.742771,0.0521458,795.49,,0.375195,0.0133411,608.43,,1.24869,0.139819,3.54795,,1,0,79.7368,,1,0,769.199,,0.625733,84.6554,72.7025,,1,0,3433
output>0.04,793.177,0,25.9164,,0.335336,0.0404855,634.032,,0.742771,0.0521458,795.49,,0.375195,0.0133411,608.43,,1.24869,0.139819,3.54795,,1,0,79.7368,,1,0,769.199,,0.625733,84.6554,72.7025,,1,0,3433
output>0.05,791.197,0,25.539,,0.361466,0.0443829,616.068,,0.691308,0.0535249,775.443,,0.364685,0.0133703,591.771,,0.919278,0.160989,3.37867,,1,0,79.017,,1,0,753.08,,0.61262,83.7373,70.1094,,1,0,3298
output>0.06,787.14,0,24.4248,,0.361338,0.044873,594.071,,0.671258,0.0551018,751.578,,0.358597,0.0135054,571.178,,0.883933,0.18541,2.92154,,1,0,77.4602,,1,0,736.49,,0.599125,82.8334,67.7564,,1,0,3169
output>0.07,783.891,0,23.3619,,0.366552,0.0454454,573.406,,0.655842,0.0569462,726.018,,0.352967,0.0135175,552.322,,0.959794,0.212419,2.86011,,1,0,72.1645,,1,0,738.182,,0.600501,82.7461,66.2893,,1,0,3026
output>0.08,776.961,0,23.0026,,0.354527,0.0452313,555.599,,0.654671,0.0590342,703.641,,0.350738,0.0136289,532.491,,0.873149,0.213703,2.86011,,1,0,70.9143,,1,0,695.52,,0.565796,80.5025,61.2509,,1,0,2889
output>0.09,774.122,0,22.5002,,0.365618,0.0468772,531.031,,0.641657,0.0602336,674.543,,0.349164,0.0137398,519.152,,0.819653,0.221135,2.42489,,1,0,68.7816,,1,0,689.342,,0.56077,79.9204,59.5515,,1,0,2793
output>0.1,768.91,0,21.7474,,0.357054,0.0465846,520.005,,0.642971,0.0621251,656.797,,0.341523,0.0137673,508.004,,0.825054,0.236404,2.37242,,1,0,66.5348,,1,0,664.002,,0.540156,78.5195,57.939,,1,0,2691
output>0.11,761.656,0,21.344,,0.341957,0.0456796,505.186,,0.625776,0.0627092,640.193,,0.339388,0.0139114,494.444,,0.795097,0.243564,2.37242,,1,0,64.4149,,1,0,630.213,,0.51267,76.612,56.4568,,1,0,2595
output>0.12,755.743,0,21.1251,,0.336809,0.0455023,486.168,,0.60636,0.0632544,614.536,,0.33232,0.0138769,478.985,,0.882883,0.274103,2.37242,,1,0,59.6427,,1,0,614.12,,0.499578,75.5948,55.7931,,1,0,2510
output>0.13,750.811,0,20.8487,,0.33265,0.0454845,476.554,,0.603486,0.0643018,598.811,,0.330885,0.0140053,467.078,,0.876974,0.288567,2.37242,,1,0,58.1023,,1,0,597.94,,0.486416,74.5688,52.4023,,1,0,2427
output>0.14,743.743,0,19.6786,,0.365553,0.0502389,464.119,,0.605675,0.0665527,584.217,,0.322363,0.0140135,451.606,,0.810424,0.28848,1.86017,,1,0,55.3105,,1,0,599.409,,0.487611,74.4846,51.1443,,1,0,2341
output>0.15,734.652,0,18.5037,,0.352859,0.0494775,454.619,,0.617206,0.0702573,568.367,,0.320417,0.014027,439.733,,0.642566,0.263083,1.86017,,1,0,54.6423,,1,0,573.766,,0.466751,72.9971,48.7734,,1,0,2269
output>0.16,728.337,0,17.7404,,0.339049,0.0485467,437.524,,0.608985,0.0718928,553.284,,0.320313,0.014142,427.198,,0.761998,0.305241,1.86017,,1,0,54.2631,,1,0,548.116,,0.445885,71.4792,47.6981,,1,0,2188
output>0.17,719.83,0,17.0445,,0.330753,0.048919,420.603,,0.58831,0.0721303,535.514,,0.318454,0.0143079,416.689,,0.753659,0.313383,1.86017,,1,0,47.8925,,1,0,513.917,,0.418064,69.4037,45.5111,,1,0,2114
output>0.18,714.287,0,16.5312,,0.319423,0.0487916,407.834,,0.588913,0.0743037,521.199,,0.319977,0.0145875,402.407,,0.820926,0.33121,1.86017,,1,0,44.2448,,1,0,480.436,,0.390828,67.2184,43.4054,,1,0,2038
output>0.19,700.051,0,15.9738,,0.319387,0.0493969,393.286,,0.580273,0.0756513,510.071,,0.319774,0.0148294,387.933,,0.851345,0.347287,1.83337,,1,0,43.3144,,1,0,465.862,,0.378972,65.9584,41.0662,,1,0,1953
output>0.2,683.509,0,15.7874,,0.318528,0.0506259,381.545,,0.60297,0.0787769,495.779,,0.319674,0.0150835,378.787,,0.776919,0.331426,1.83337,,1,0,41.1903,,1,0,441.189,,0.358902,64.2094,39.6452,,1,0,1882
output>0.21,665.801,0,15.142,,0.328271,0.0531738,368.118,,0.623353,0.0846518,479.16,,0.314242,0.0152507,367.603,,0.708414,0.311988,1.82794,,1,0,37.9704,,1,0,425.621,,0.346237,62.9567,37.9936,,1,0,1806
output>0.22,658.112,0,14.5697,,0.330592,0.0535687,358.501,,0.613134,0.0869666,462.736,,0.314636,0.0156326,352.047,,0.662659,0.305024,1.51736,,1,0,31.8653,,1,0,425.697,,0.346299,62.9516,35.6441,,1,0,1722
output>0.23,652.323,0,13.6673,,0.337556,0.0545359,341.336,,0.590983,0.0888066,449.089,,0.318867,0.0157135,337.968,,0.708506,0.329176,1.51736,,1,0,30.1237,,1,0,427.246,,0.347559,62.8463,34.0887,,1,0,1656
output>0.24,632.57,0,13.1891,,0.320825,0.0533421,325.617,,0.594533,0.0911606,431.697,,0.321327,0.0160894,323.87,,0.881842,0.398652,1.51736,,1,0,29.6933,,1,0,401.596,,0.326693,61.0766,32.0011,,1,0,1584
output>0.25,623.256,0,13.1241,,0.314167,0.0526869,314.157,,0.556163,0.0904845,400.459,,0.327478,0.0162535,309.138,,0.816868,0.403273,0.771106,,1,0,27.8477,,1,0,388.317,,0.31589,59.5943,31.4945,,1,0,1483
output>0.26,611.561,0,12.8838,,0.328275,0.057894,302.621,,0.546404,0.0923831,379.479,,0.330138,0.016708,293.37,,0.866418,0.42379,0.771106,,1,0,26.1306,,1,0,354.667,,0.288517,57.0471,29.5628,,1,0,1402
output>0.27,595.976,0,12.2712,,0.326142,0.0589802,282.243,,0.556606,0.0969012,355.774,,0.317725,0.0166466,280.961,,0.904893,0.440746,0.724585,,1,0,25.547,,1,0,337.694,,0.27471,55.7412,26.4946,,1,0,1315
output>0.28,576.977,0,11.215,,0.324701,0.0594723,264.029,,0.588228,0.107245,332.581,,0.316507,0.0171957,265.319,,0.573897,0.358291,0.724585,,1,0,23.8037,,1,0,329.266,,0.267853,55.0721,24.736,,1,0,1231
output>0.29,563.188,0,10.5044,,0.301728,0.0580349,242.358,,0.625764,0.121212,314.128,,0.309146,0.0172428,247.171,,0.816451,0.585088,0.724585,,1,0,21.3666,,1,0,295.856,,0.240675,52.2855,24.381,,1,0,1138
output>0.3,549.337,0,10.0056,,0.316121,0.0627333,224.576,,0.55974,0.117936,297.938,,0.306183,0.0175637,226.161,,0.725125,0.580406,0.674361,,1,0,20.1424,,1,0,279.64,,0.227483,50.7938,22.7826,,1,0,1037
output>0.31,527.63,0,9.42933,,0.279188,0.0596608,210.969,,0.568912,0.12545,278.799,,0.302265,0.0179427,210.535,,0.765955,0.60261,0.674361,,1,0,18.6808,,1,0,237.786,,0.193436,46.9771,19.6121,,1,0,949
output>0.32,507.075,0,8.64388,,0.268405,0.0608017,192.471,,0.569117,0.131283,258.627,,0.312158,0.0186849,198.179,,0.66885,0.612361,0.674361,,1,0,16.7771,,1,0,212.136,,0.17257,44.5818,17.6797,,1,0,853
output>0.33,475.891,0,7.92904,,0.24245,0.0576009,176.135,,0.563476,0.141373,240.463,,0.310575,0.0190257,183.549,,0.712769,0.624307,0.434254,,1,0,15.8305,,1,0,188.631,,0.153448,41.8318,16.1959,,1,0,781
output>0.34,450.058,0,7.61325,,0.239589,0.0583069,161.662,,0.543458,0.147426,220.971,,0.309719,0.0199719,162.665,,0.899647,0.806384,0.434254,,1,0,13.3725,,1,0,180.081,,0.146493,40.9487,15.104,,1,0,704
output>0.35,430.513,0,6.86037,,0.234591,0.0611064,146.504,,0.598398,0.164628,201.356,,0.303478,0.0206861,152.917,,1.14263,1.05771,0.434254,,1,0,10.4036,,1,0,155.989,,0.126895,38.0023,14.404,,1,0,627
output>0.36,410.174,0,5.8075,,0.229215,0.0614438,129.182,,0.70853,0.190847,185.378,,0.293621,0.0211116,144.689,,1.24848,1.1518,0.434254,,1,0,8.93093,,1,0,147.439,,0.119939,37.028,12.9007,,1,0,571
output>0.37,392.116,0,5.25563,,0.210725,0.062308,122.239,,0.747953,0.217553,173.55,,0.293051,0.0221949,129.097,,0.68006,0.851226,0.434254,,1,0,7.64464,,1,0,121.789,,0.0990736,33.9377,9.02103,,1,0,513
output>0.38,368.833,0,4.96903,,0.185157,0.0583464,114.916,,0.607665,0.194374,160.385,,0.282081,0.0224449,116.845,,0.336701,0.685995,0.434254,,1,0,7.49315,,1,0,105.633,,0.0859308,31.5831,7.26364,,1,0,468
output>0.39,352.439,0,4.64423,,0.185956,0.0613659,106.12,,0.764582,0.231184,143.009,,0.300332,0.0246661,108.968,,-0.0477878,0.562431,0.434254,,1,0,6.99012,,1,0,97.0828,,0.0789755,30.4038,6.38323,,1,0,422
output>0.4,334.364,0,4.03775,,0.191845,0.0661709,101.524,,0.776204,0.241846,129.046,,0.31128,0.0270343,102.512,,-0.0600988,0.649481,0.434254,,1,0,6.87353,,1,0,89.0499,,0.0724409,29.101,6.14277,,1,0,375
output>0.41,314.853,0,3.67584,,0.179368,0.0651665,91.0797,,0.706271,0.23481,123.514,,0.326984,0.0292562,96.3921,,0.214296,0.727608,0.434254,,1,0,6.07222,,1,0,80.4999,,0.0654856,27.8167,5.84038,,1,0,343
output>0.42,293.571,0,3.67584,,0.188361,0.0685973,84.0257,,0.736058,0.261908,106.707,,0.367457,0.0320921,86.6978,,-0.354578,0.527668,0.434254,,1,0,5.85331,,1,0,80.4999,,0.0654856,27.8167,5.54601,,1,0,315
output>0.43,277.14,0,3.44995,,0.196608,0.0752296,74.3653,,0.733727,0.27101,96.305,,0.376778,0.03444,81.9866,,-0.372374,0.559072,0.434254,,1,0,5.55189,,1,0,72.7416,,0.0591743,26.3419,5.54601,,1,0,293
output>0.44,261.364,0,3.18946,,0.204357,0.0783555,66.6398,,0.669913,0.26354,89.98,,0.375079,0.0359365,75.6178,,-0.371117,0.557873,0.434254,,1,0,3.12874,,1,0,72.7416,,0.0591743,26.3419,5.54601,,1,0,260
output>0.45,248.732,0,2.87413,,0.217279,0.0835939,57.8642,,0.675106,0.279243,83.7693,,0.360748,0.0371203,68.6774,,-0.111667,0.28041,0,,1,0,3.02646,,1,0,72.7416,,0.0591743,26.3419,4.41826,,1,0,230
output>0.46,237.298,0,2.62709,,0.195294,0.0800108,53.6942,,0.561356,0.251428,75.2788,,0.343857,0.0371434,62.3409,,-0.076069,0.229388,0,,1,0,2.93071,,1,0,64.1916,,0.052219,24.9157,4.11721,,1,0,211
output>0.47,222.572,0,2.62709,,0.172288,0.0759636,49.4828,,0.442188,0.220993,67.1759,,0.358759,0.0394964,55.6693,,-0.0694762,0.221985,0,,1,0,2.93071,,1,0,55.6416,,0.0452637,23.4028,3.64352,,1,0,192
output>0.48,209.394,0,2.62709,,0.178363,0.0787669,44.7709,,0.359898,0.212566,61.4878,,0.335718,0.039992,50.2759,,-0.0490849,0.186738,0,,1,0,1.04488,,1,0,55.6416,,0.0452637,23.4028,3.27135,,1,0,173
output>0.49,192.061,0,2.62709,,0.22395,0.100066,42.4517,,0.405662,0.243533,57.9041,,0.345267,0.0422645,47.2386,,-0.0542589,0.198755,0,,1,0,0.97383,,1,0,55.6416,,0.0452637,23.4028,2.23947,,1,0,156
output>0.5,180.642,0,2.62709,,0.268646,0.121393,41.2878,,0.473237,0.290751,56.0458,,0.33514,0.042641,41.3031,,-0.0699627,0.237506,0,,1,0,0.906333,,1,0,55.6416,,0.0452637,23.4028,2.23947,,1,0,138
output>0.51,168.427,0,2.62709,,0.290702,0.132079,36.0484,,0.41234,0.287717,53.7063,,0.332381,0.0429726,40.3744,,-0.0727689,0.24254,0,,1,0,0.883301,,1,0,55.6416,,0.0452637,23.4028,2.23947,,1,0,121
output>0.52,159.194,0,2.46893,,0.29163,0.132531,32.7112,,0.48478,0.346664,47.8066,,0.319223,0.0431934,33.3682,,-0.0797428,0.262865,0,,1,0,0.814716,,1,0,55.6416,,0.0452637,23.4028,2.23947,,1,0,112
output>0.53,151.547,0,2.46893,,0.311799,0.139794,27.8852,,0.586198,0.433011,43.1743,,0.308832,0.0437355,29.1293,,-0.0894846,0.284293,0,,1,0,0.70658,,1,0,51.2998,,0.0417317,20.943,1.45155,,1,0,96
output>0.54,145.79,0,2.09043,,0.263883,0.12789,25.2606,,0.629922,0.471568,38.1911,,0.286048,0.0438071,25.4445,,-0.227888,0.887868,0,,1,0,0.70658,,1,0,42.7498,,0.0347764,19.1183,0.98354,,1,0,84
output>0.55,139.811,0,1.34198,,0.30091,0.147347,19.9023,,0.657612,0.496391,34.7534,,0.255813,0.0423939,23.0801,,-0.256522,0.952918,0,,1,0,0.623525,,1,0,42.7498,,0.0347764,19.1183,0.98354,,1,0,77
output>0.56,132.496,0,1.34198,,0.30091,0.147347,19.1194,,0.861293,0.688296,33.015,,0.24986,0.0427646,18.7791,,-0.245766,0.948305,0,,1,0,0.553062,,1,0,42.7498,,0.0347764,19.1183,0.98354,,1,0,71
output>0.57,125.431,0,1.06481,,0.240728,0.129586,18.2752,,0.903582,0.730127,26.7398,,0.2577,0.044667,16.7312,,-0.222807,0.952295,0,,1,0,0.487877,,1,0,34.1999,,0.0278211,17.0999,0.98354,,1,0,66
output>0.58,110.993,0,0.798706,,0.240728,0.129586,17.4925,,0.936989,0.76364,22.2452,,0.2345,0.0434592,14.1711,,0,4.32666e-158,0,,1,0,0.359651,,1,0,34.1999,,0.0278211,17.0999,0.98354,,1,0,60
output>0.59,103.041,0,0.798706,,0.249102,0.134414,16.4781,,1.004,0.832088,18.8455,,0.22735,0.0438018,13.5532,,0,5.50884e-158,0,,1,0,0.262276,,1,0,34.1999,,0.0278211,17.0999,0.807766,,1,0,57
output>0.6,98.0075,0,0.471212,,0.197228,0.121064,15.952,,1.04952,0.879502,17.7972,,0.224932,0.0445514,12.2974,,0,6.22863e-158,0,,1,0,0.262276,,1,0,25.6499,,0.0208658,14.809,0.807766,,1,0,49
output>0.61,91.7025,0,0.30699,,1.15551,0.885992,14.3504,,1.13839,0.97417,17.2227,,0.215719,0.0460094,10.8663,,0,5.79072e-158,0,,1,0,0.262276,,1,0,25.6499,,0.0208658,14.809,0.807766,,1,0,44
output>0.62,87.0912,0,0.30699,,0.770342,0.669168,12.5887,,1.22758,1.05781,15.7242,,0.216113,0.0478728,10.4385,,0,6.57929e-158,0,,1,0,0.262276,,1,0,17.0999,,0.0139106,12.0915,0.807766,,1,0,42
output>0.63,79.3223,0,0.30699,,0.406111,0.457378,12.3464,,1.31765,1.15815,15.0072,,0.202105,0.0466293,9.86373,,0,8.18554e-158,0,,1,0,0.111995,,1,0,8.54996,,0.00695528,8.54996,0.807766,,1,0,36
output>0.64,72.6133,0,0.30699,,0.57312,0.67297,10.5366,,1.3606,1.20692,14.4342,,0.179589,0.0462728,9.35744,,0,7.69573e-158,0,,1,0,0.0891888,,1,0,8.54996,,0.00695528,8.54996,0.807766,,1,0,30
output>0.65,69.4563,0,0.30699,,0.57312,0.67297,10.1622,,1.43625,1.29428,13.2772,,0.165507,0.0457584,8.84057,,0,1.07523e-157,0,,1,0,0.0891888,,1,0,8.54996,,0.00695528,8.54996,0.807766,,1,0,27
output>0.66,63.7086,0,0.251252,,0,9.74868e-159,9.66319,,1.90847,1.87914,11.0983,,0.167243,0.0465586,8.25886,,0,1.20013e-157,0,,1,0,0.0891888,,1,0,0,,0,0,0.807766,,1,0,25
output>0.67,60.4698,0,0.251252,,0,1.05804e-157,9.24217,,2.01033,2.01379,8.61942,,0.161266,0.0498753,6.23136,,0,1.13945e-157,0,,1,0,0.0891888,,1,0,0,,0,0,0.807766,,1,0,21
output>0.68,55.8529,0,0.251252,,0,1.05363e-157,8.80511,,2.15453,2.20932,5.83949,,0.230615,0.0760841,5.84208,,0,1.1347e-157,0,,1,0,0.0891888,,1,0,0,,0,0,0.369817,,1,0,16
output>0.69,49.7844,0,0.251252,,0,1513,6.8339,,1.57898,1.79302,4.55509,,0.235834,0.0814783,5.39677,,0,1.04402e-157,0,,1,0,0.0891888,,1,0,0,,0,0,0.369817,,1,0,16
output>0.7,39.5679,0,0.251252,,0,1513,4.00375,,1.70478,1.98253,2.39802,,0.234337,0.0845393,4.93529,,0,1.00497e-157,0,,1,0,0.056199,,1,0,0,,0,0,0.369817,,1,0,15
